5973278509
7292986502
-1002627719555
1785450012
2021145517
7347238358
1063445543
5597055906
5651796937
1177923920
7479847302
5034841284
5038379765
6387652352
1549346143
6987799874
1622642309
7293808519
7486879304
7613703402
6740250860
1833834188
7014769551
1283572911
7285840925
5509642131
6341730289
727248399
6376476681
7374969849
731844194
7622959373
6875069573
6518815179
1864625408
898279654
5783936678
5410117773
1694131929
7594331551
5201165991
5875466324
7879635955
942749521
7912724636
5132364369
7946021700
7579525771
1753591824
2141999209
1036423558
6062734883
5001933474
1831742770
1437307945
5873578069
6568011287
8008302947